Count: 400
Mean: 0.00312533
StdDev: 0.00136753
Min: 0.000997859
Max: 0.0100601
Total: 1.25013
