Count: 79800
Mean: 0.00344162
StdDev: 0.00150183
Min: 0.00107939
Max: 0.0509536
Total: 274.641
